Epoch	AverageEpRet	StdEpRet	MaxEpRet	MinEpRet	AverageAlpha	StdAlpha	MaxAlpha	MinAlpha	Time
1	2580.382	28.992174	2616.373	2535.6145	0.3202372	0.25646624	1.0	0.052135352	31.31987953186035
2	2604.3306	32.53831	2648.825	2562.237	0.014080482	0.012357217	0.05208357	0.0039945617	72.1014895439148
3	2526.3303	81.773865	2593.2637	2387.5461	0.0035892853	0.00034742543	0.004088754	0.0026257203	114.97911167144775
4	2574.727	163.69867	2836.8896	2390.6309	0.004212218	0.0011932299	0.005981663	0.0013925865	157.7541892528534
5	3485.979	244.06569	3871.9165	3206.5632	0.011083956	0.008554615	0.030848568	0.001313705	200.08903646469116
6	3849.254	120.838486	4014.6873	3703.4636	0.040396094	0.0032449358	0.04496311	0.030859942	243.32314133644104
7	3811.5127	17.580484	3839.111	3795.352	0.049750317	0.00665723	0.06842367	0.038186833	286.97361159324646
8	3930.4	33.810394	3987.975	3902.974	0.061362654	0.0038460076	0.07098746	0.054623276	330.64656949043274
9	4033.183	28.166945	4075.3032	4006.4102	0.050382547	0.0060216254	0.06434724	0.04363901	371.7486732006073
10	4096.6436	32.96316	4140.2	4060.8232	0.05120971	0.005755175	0.06221872	0.04228867	412.8980267047882
11	3923.3315	87.887054	4059.9932	3839.6797	0.05342005	0.0038034553	0.061970282	0.04625076	454.96660137176514
12	3978.7847	27.502321	4003.82	3932.2422	0.055373102	0.0031579079	0.061485052	0.047402337	496.795845746994
13	3905.0728	47.288975	3979.8655	3857.7737	0.049289316	0.0027251737	0.05433622	0.04251149	537.4595501422882
14	3921.826	34.864605	3968.6716	3880.3308	0.04403294	0.002209106	0.04868836	0.039598703	578.8589310646057
15	3876.6533	25.015823	3916.3733	3853.844	0.041495357	0.0019802582	0.045999974	0.037142202	622.5771737098694
16	3917.903	28.853712	3956.6013	3887.5312	0.03846939	0.0018210063	0.043155957	0.03386248	665.2333078384399
17	3937.716	12.617527	3950.849	3921.5942	0.033034775	0.002253847	0.039828703	0.029870695	707.2099974155426
18	3910.2568	55.668785	4006.4565	3872.2761	0.03365507	0.0022874656	0.03791745	0.02913501	749.9601809978485
19	3878.532	79.123085	3964.0764	3749.3489	0.034125872	0.0029721556	0.039739672	0.02849315	790.2420659065247
20	3858.1592	65.18664	3948.1208	3778.2227	0.030953143	0.0038284536	0.039466638	0.024757307	829.5784640312195
21	4115.005	77.80245	4198.759	4000.4092	0.029915642	0.002750392	0.037457544	0.02502813	872.6494948863983
22	4147.0977	167.83455	4376.076	3928.4646	0.03454004	0.0024817328	0.0404358	0.028582333	914.3173015117645
23	3873.167	97.23063	4040.1865	3801.8467	0.03769536	0.002140247	0.041980647	0.031221641	956.0061185359955
24	4121.212	46.55152	4163.2036	4048.3281	0.036304563	0.0021286942	0.041654915	0.031839665	998.4419047832489
25	4169.7227	78.40172	4281.79	4075.5793	0.0336158	0.0016249444	0.037015475	0.029292727	1041.1564927101135
26	4306.6035	58.542656	4406.2085	4255.663	0.031076133	0.0023299335	0.035875604	0.02606739	1084.1282787322998
27	4331.466	56.564907	4410.5796	4264.9995	0.02528534	0.0012206262	0.02831422	0.023081949	1123.7602264881134
28	4124.242	307.16867	4491.862	3798.9656	0.02065976	0.002179361	0.024646662	0.017257042	1167.0702631473541
29	4130.91	301.4049	4377.667	3624.5532	0.022935614	0.004048029	0.029516764	0.016778797	1205.9642210006714
30	4198.281	271.9303	4482.4536	3771.3337	0.027652169	0.0036662968	0.036886457	0.019854005	1248.6822848320007
31	4403.2417	215.82379	4573.9106	4032.8147	0.022316227	0.0016524125	0.025198208	0.018753322	1289.0976088047028
32	4716.097	273.6124	5126.595	4359.7686	0.025887128	0.0018904709	0.030642683	0.022299327	1328.9742522239685
33	5325.419	65.954506	5423.5703	5237.8135	0.028291926	0.0038406767	0.036810096	0.022959301	1369.9626162052155
34	5100.034	125.932816	5299.0454	4955.1094	0.030177606	0.0009206329	0.034282204	0.028623939	1412.9029178619385
35	4873.5054	265.7306	5151.8228	4533.676	0.035613872	0.0028907976	0.04162909	0.030673368	1455.102958202362
36	5035.009	268.01843	5417.602	4679.2373	0.04248692	0.0027214577	0.048843995	0.036859848	1492.0369760990143
37	4332.7646	101.4006	4475.9346	4195.185	0.035551775	0.0029247892	0.041072298	0.029328898	1533.1916241645813
38	5129.6826	590.91473	5792.1562	4240.9463	0.031667825	0.0029046105	0.038070843	0.027234817	1576.2602851390839
39	4984.8823	237.44502	5391.7344	4801.255	0.035429638	0.0033518397	0.04230312	0.02894102	1618.9599072933197
40	5360.5234	219.4463	5550.3096	4988.052	0.03479376	0.0025392298	0.040495925	0.02973227	1660.0909399986267
41	5273.6465	122.52372	5416.452	5133.4478	0.03254902	0.0043766657	0.040843237	0.024383917	1698.8510270118713
42	5708.062	152.59694	5963.685	5582.4937	0.041598473	0.005852233	0.05190439	0.029116357	1740.9431157112122
43	5063.2363	344.00928	5535.9263	4593.404	0.03242287	0.0034912901	0.039625358	0.025517244	1784.8632032871246
44	3432.1335	346.43658	3868.1665	2947.247	0.032128945	0.005112298	0.04418071	0.02090997	1827.04731798172
45	3858.645	847.9087	5181.453	3047.7966	0.0288688	0.006202284	0.037514325	0.018188251	1870.8930683135986
46	5461.7456	70.67727	5521.1177	5341.031	0.032653697	0.0036690992	0.040468197	0.028256169	1913.2619836330414
47	5352.9385	121.52394	5536.8877	5230.0327	0.035283066	0.0025198346	0.03965216	0.030070104	1954.4078314304352
48	5253.0615	181.5256	5539.936	5036.4014	0.035402246	0.0016791809	0.03980051	0.032221086	1995.5435667037964
49	5079.8105	155.04457	5235.804	4848.6484	0.038272463	0.008368531	0.06568323	0.029512733	2038.2585666179657
50	4999.1826	13.34923	5015.962	4979.505	0.03064747	0.0016154222	0.034810837	0.027922615	2079.5238597393036
51	5168.787	202.4622	5506.328	4968.4624	0.04218575	0.0053865886	0.05051191	0.031007675	2116.836937189102
52	5632.782	341.8847	5966.578	5136.1846	0.042077903	0.0031593058	0.049850754	0.035735577	2158.5691187381744
53	6353.476	259.4686	6642.7373	5959.8457	0.037134252	0.0029168425	0.046136104	0.03001057	2201.390340566635
54	5610.41	512.8426	6485.459	5174.7827	0.034235764	0.0021419814	0.038247827	0.028995976	2246.2440695762634
55	6110.277	768.63	6607.6367	4781.4556	0.042489287	0.0056843976	0.053960472	0.032138158	2289.4449315071106
56	5542.165	1245.699	6540.3506	3406.262	0.040720943	0.0068316488	0.053465262	0.029656269	2332.1527185440063
57	5427.528	725.9554	6011.114	4186.919	0.03226802	0.0021399327	0.038766082	0.028779335	2372.669345140457
58	4074.085	895.73816	5617.4805	3460.8591	0.035636164	0.0055330084	0.049709342	0.024099808	2415.676784992218
59	6730.4272	265.7022	7001.0786	6406.1543	0.039162606	0.0038860573	0.04976015	0.030520061	2459.795590877533
60	5785.873	786.2641	6876.6685	4717.91	0.040866315	0.0034487713	0.04872523	0.03440646	2502.044173002243
61	5346.2363	781.2985	6038.0986	4073.1653	0.040150657	0.004262347	0.050480198	0.031661507	2542.3901500701904
62	5326.281	331.25262	5660.681	4862.134	0.038062863	0.007129295	0.060242243	0.026300322	2584.8590018749237
63	6808.3755	218.08467	7150.4824	6572.3604	0.031561147	0.0036029138	0.038434654	0.025642954	2629.4110736846924
64	6761.2754	296.95346	7073.356	6281.3545	0.030435909	0.0042942017	0.041519493	0.023314547	2670.045164823532
65	6690.3057	136.11449	6809.548	6468.829	0.034696758	0.0039318004	0.042754713	0.02675579	2710.5857129096985
66	4141.6514	531.6707	5054.9517	3760.808	0.028608035	0.0043793456	0.041578136	0.021698626	2752.849600791931
67	6243.5645	1127.2054	7106.942	4316.328	0.028176095	0.004850115	0.038744137	0.021881301	2796.7390792369843
68	5510.8296	1273.9768	6473.106	3335.3564	0.028034978	0.003235469	0.03424462	0.020803437	2838.4438569545746
69	6574.723	320.65042	6947.028	6076.1885	0.027439332	0.002293848	0.03123292	0.02026713	2880.0754022598267
70	6520.038	255.6408	6817.5347	6202.19	0.029517498	0.006643694	0.042243704	0.018801806	2922.8769471645355
71	6068.202	623.9913	6675.0522	5030.8936	0.03859321	0.005869099	0.047850426	0.026890824	2966.0670716762543
72	7123.7383	263.31924	7543.6704	6895.8745	0.03182659	0.0065545957	0.047865476	0.02549999	3010.7656750679016
73	7470.8057	215.34656	7811.2754	7217.7456	0.02992312	0.012496596	0.050174657	0.015457233	3053.102200269699
74	6608.6094	326.73273	7163.2817	6340.804	0.03298184	0.004236029	0.039473113	0.023315182	3094.3175387382507
75	6784.3696	208.2135	6996.14	6458.5444	0.039734133	0.0059278123	0.050709754	0.024345342	3133.568295955658
76	7376.08	326.43826	7694.861	6872.264	0.03538904	0.009999739	0.061138112	0.020102954	3175.1017503738403
77	7288.855	141.77197	7430.144	7096.0366	0.048562575	0.0049457713	0.05632139	0.03478877	3217.7135379314423
78	7428.4585	363.13373	7861.348	6860.733	0.050847787	0.011252967	0.075342454	0.03375135	3261.0654911994934
79	7392.9297	187.20798	7614.0103	7147.2646	0.042534545	0.012274368	0.07831057	0.029151058	3305.7354986667633
80	7287.577	32.67402	7332.9507	7249.287	0.039113328	0.0030374136	0.047020935	0.032624412	3349.8712260723114
81	7431.8936	73.8586	7531.0063	7323.2153	0.042732242	0.0039108205	0.049329054	0.034048077	3393.6332461833954
82	7165.7188	151.54396	7289.4624	6916.0806	0.037630737	0.0045214845	0.04922056	0.028668456	3432.546493291855
83	7150.8887	160.05412	7359.842	6942.718	0.043482285	0.0046295733	0.053572997	0.033547774	3475.3039989471436
84	7738.648	221.47816	7999.5015	7478.7935	0.04348255	0.003993521	0.050635055	0.036915474	3518.444790124893
85	7111.8413	115.18867	7257.806	6942.888	0.04915014	0.0088713905	0.075181104	0.034858204	3561.155855178833
86	7441.4844	263.31863	7686.2227	7006.4243	0.046238925	0.012327613	0.08116323	0.035697654	3602.9970166683197
87	7459.943	170.30803	7705.082	7226.926	0.048726972	0.014105799	0.07677017	0.03080528	3646.6828515529633
88	7634.531	230.78659	7915.806	7289.823	0.035088178	0.0053878245	0.04634311	0.029032655	3688.833461523056
89	7624.055	200.81525	7918.115	7407.946	0.03510573	0.0043167765	0.044752173	0.027328214	3729.719053506851
90	7866.402	231.87228	8237.316	7639.0547	0.0344447	0.002823065	0.042215213	0.028851748	3769.4727218151093
91	7431.7285	184.34042	7655.5464	7156.448	0.038179744	0.0066115777	0.061928898	0.03096836	3813.35591840744
92	7292.7383	279.44858	7576.406	6828.8955	0.03405218	0.0034732365	0.04289732	0.028199907	3856.4217071533203
93	7943.168	253.11719	8311.6455	7605.6123	0.035997543	0.0033305455	0.041353196	0.028922439	3893.132777929306
94	5395.311	2448.6729	7854.3564	2936.6296	0.050807633	0.0066456427	0.062613145	0.029051771	3934.1209444999695
95	4570.6377	1723.184	6744.1826	2701.817	0.0637842	0.0075414856	0.07797858	0.04653524	3976.732305288315
96	5817.0625	1926.2606	7426.5586	2584.493	0.049674407	0.0035925834	0.05907239	0.043247722	4018.0881156921387
97	7604.574	157.03006	7831.279	7402.4185	0.039971933	0.0055796118	0.049158767	0.026629636	4061.2396943569183
98	7536.24	188.8968	7791.875	7347.29	0.036288347	0.0056180414	0.050252855	0.027889494	4103.321448087692
99	7553.373	178.32986	7755.95	7303.6226	0.04052111	0.0046891025	0.049694292	0.030627426	4145.62698841095
100	7841.5415	121.75266	7989.224	7650.398	0.03903721	0.0047041527	0.047148455	0.029012019	4189.155697345734
101	8079.8535	141.75206	8233.54	7878.5083	0.039016556	0.0055532237	0.04795669	0.026870554	4229.023433208466
102	8223.369	242.98581	8478.537	7823.1484	0.03125595	0.0036670067	0.037766725	0.023864409	4272.332696914673
103	8167.566	214.5308	8358.614	7821.2427	0.038649365	0.008821216	0.059897587	0.025893537	4313.843127250671
104	8274.539	96.57774	8409.278	8141.111	0.039528664	0.011386123	0.06750423	0.024852531	4354.462331295013
105	8185.0146	89.896576	8339.076	8115.7783	0.044629484	0.0062939273	0.057402182	0.03307627	4398.901423692703
106	8438.443	275.69196	8766.198	8023.4106	0.053232744	0.0057491176	0.06667606	0.04437677	4441.119719028473
107	8291.903	116.50152	8424.244	8104.459	0.04041274	0.0049090586	0.04930228	0.030867418	4482.886540412903
108	8287.479	155.64981	8462.388	8131.8325	0.042517234	0.0036572162	0.04919272	0.033036448	4527.545346736908
109	7984.212	305.79294	8399.837	7572.3457	0.043732107	0.0061319815	0.060621202	0.035134967	4572.505936384201
110	8110.8	283.06677	8552.043	7792.6	0.058666226	0.012687333	0.07305732	0.035290416	4616.4426600933075
111	8154.286	80.13641	8287.998	8074.774	0.058120668	0.0042750663	0.06707361	0.04798813	4660.778220176697
112	8340.1875	100.69574	8426.379	8168.6704	0.044172246	0.005920725	0.054884598	0.033690147	4704.419584035873
113	8076.885	65.5905	8129.204	7965.0786	0.057885163	0.02445523	0.11117858	0.033173002	4747.65861415863
114	7740.1543	93.31386	7896.9604	7658.628	0.09481037	0.022012712	0.13548073	0.05862754	4791.846751451492
115	7937.106	136.08783	8091.119	7720.6367	0.045987085	0.00483618	0.05853145	0.035485175	4835.138900756836
116	8234.146	139.53947	8471.683	8132.8022	0.049996123	0.006018484	0.06622905	0.03652326	4876.82311463356
117	8264.385	160.46503	8440.321	8072.02	0.047930818	0.0082651125	0.061165597	0.032915026	4920.314830780029
118	8424.394	55.3533	8512.108	8358.758	0.047756	0.00558368	0.05917361	0.033237267	4964.327553987503
119	8211.865	239.92398	8472.515	7823.241	0.050728202	0.008129224	0.06385828	0.031596463	5007.363743305206
120	8334.627	148.85434	8535.235	8170.5576	0.028603798	0.003406841	0.040848885	0.022842582	5050.099408626556
121	8381.848	124.00487	8584.458	8266.809	0.047174662	0.011827852	0.07147429	0.020781511	5093.343857765198
122	8414.014	44.224632	8485.784	8366.124	0.054801892	0.00781333	0.06562839	0.032700773	5136.624927520752
123	8187.8286	110.06339	8332.151	8045.998	0.06205513	0.009022072	0.074710734	0.03699686	5180.811095714569
124	7943.2163	93.11926	8072.2153	7819.7607	0.07745035	0.016358603	0.11789955	0.050980687	5224.358835935593
125	8313.193	291.34274	8808.121	8081.961	0.06066938	0.026251791	0.113549314	0.030435413	5268.552451610565
126	8090.6016	160.08318	8299.02	7865.125	0.054648813	0.011540042	0.088427804	0.03884525	5312.304070711136
127	8466.491	50.850773	8508.288	8382.633	0.0549466	0.00391652	0.064254664	0.047154643	5357.388366222382
128	8461.189	144.44983	8679.61	8273.879	0.060322978	0.008971341	0.0831328	0.045563694	5399.336772918701
129	8447.112	172.94043	8657.266	8175.885	0.045612853	0.015232376	0.08702498	0.028759863	5443.755799770355
130	8438.623	157.90933	8660.006	8275.898	0.04801769	0.007413486	0.06421408	0.035126716	5487.791761636734
131	8609.064	129.91971	8698.097	8384.813	0.049977493	0.01041099	0.07182707	0.030773332	5531.821100950241
132	8538.955	205.82936	8785.52	8236.049	0.045778252	0.009854967	0.062319968	0.02955725	5572.870586633682
133	8283.832	149.4781	8483.677	8127.4565	0.04532433	0.009400435	0.06696832	0.031239199	5613.532195329666
134	8386.891	156.36372	8530.259	8129.2905	0.041748412	0.0046950844	0.052322283	0.03339384	5657.549121856689
135	8242.463	102.75274	8410.712	8140.71	0.0390291	0.007076598	0.05112239	0.024428187	5700.707563638687
136	8415.182	168.44582	8659.305	8206.821	0.03365005	0.006971501	0.05404237	0.024183845	5741.580577611923
137	8466.838	271.5024	8703.402	8021.2754	0.031258766	0.00812354	0.049793143	0.020193221	5784.720472097397
138	8471.574	63.457397	8541.652	8369.938	0.0506337	0.015179019	0.079785496	0.026541267	5826.715199947357
139	8481.359	200.14607	8727.945	8173.3774	0.04881617	0.007336007	0.06348167	0.032150503	5868.697404623032
140	7841.668	1031.3756	8638.753	6068.6997	0.048861794	0.010078568	0.071336545	0.03278324	5911.971071004868
141	8228.848	325.07513	8600.828	7720.092	0.04659823	0.0065882644	0.059072938	0.031093966	5952.617982149124
142	8399.832	129.26309	8573.205	8240.771	0.04864064	0.008567576	0.06352782	0.030483684	5991.642451286316
143	8273.272	233.80424	8601.398	7985.259	0.059079383	0.013684116	0.08317327	0.03337719	6032.964229822159
144	8380.19	127.64649	8590.244	8245.867	0.0450298	0.0048192483	0.055044375	0.03656301	6076.757604122162
145	8420.033	198.291	8704.996	8165.6865	0.040825088	0.0053590224	0.050974052	0.02761372	6119.359304666519
146	8495.619	100.05807	8577.827	8326.775	0.044498354	0.008781506	0.06545648	0.028771548	6163.725613832474
147	8477.087	70.24195	8578.952	8388.753	0.050087325	0.0059881485	0.06427463	0.040715724	6204.732506513596
148	8488.079	197.44208	8752.987	8211.853	0.048578084	0.011146219	0.06845998	0.035079747	6245.165378332138
149	8663.183	88.746765	8787.917	8545.722	0.04978282	0.00884822	0.06803626	0.036720853	6286.7367968559265
150	8487.922	99.19747	8595.04	8325.589	0.040905084	0.0040781265	0.050150402	0.03239191	6327.352550506592
151	8474.549	119.727356	8636.834	8298.738	0.04260068	0.0073939026	0.054515366	0.026933307	6365.556353569031
152	8560.11	142.70132	8773.517	8403.073	0.035210013	0.0070656165	0.053535674	0.021778509	6408.695861816406
153	8574.644	42.393894	8619.764	8513.427	0.03386786	0.0056638415	0.04663512	0.023697881	6445.131163358688
154	8595.621	138.62956	8834.966	8499.193	0.02941826	0.0069570118	0.044721324	0.0216245	6481.733200550079
155	8358.8	98.39176	8447.83	8198.624	0.03602003	0.008265764	0.06338139	0.0239877	6519.5393834114075
156	8073.542	314.40967	8347.472	7565.2393	0.05598986	0.009429145	0.074948214	0.038399924	6562.823776006699
157	8441.505	73.47922	8536.477	8344.896	0.04058719	0.0046676407	0.053630456	0.033218645	6607.198523521423
158	8497.812	93.10757	8593.37	8343.883	0.044708077	0.004282663	0.055700127	0.03488296	6645.820383548737
159	8600.936	222.08661	8908.233	8298.943	0.044559304	0.0059754523	0.058302898	0.034689207	6686.827949523926
160	8291.076	77.18823	8379.039	8205.736	0.053207885	0.013884846	0.07383422	0.025275033	6725.999530315399
161	8685.363	184.15237	8912.541	8427.984	0.062213287	0.0084557915	0.08728794	0.038675014	6762.755014657974
162	8529.469	178.4625	8764.248	8320.935	0.044858806	0.015535083	0.07749491	0.026632525	6799.253832101822
163	8608.512	107.304115	8727.029	8466.949	0.03998406	0.010050288	0.07118082	0.030304393	6841.569877386093
164	8701.141	143.44756	8903.35	8524.866	0.03795562	0.010611905	0.07167599	0.028455634	6883.787866353989
165	8662.564	120.95393	8822.845	8502.695	0.041994836	0.009321316	0.06836459	0.028967708	6924.248710155487
166	8752.386	177.96106	8924.626	8487.822	0.039041825	0.005181507	0.04943531	0.029218985	6967.465724229813
167	8562.118	221.48102	8861.669	8242.356	0.07641437	0.01907668	0.111873545	0.03707347	7010.940465927124
168	8652.275	147.0117	8786.503	8403.902	0.06454868	0.011916052	0.08518585	0.032362785	7050.159579277039
169	8683.568	180.36424	8819.26	8373.758	0.051765	0.014886938	0.07924967	0.030916668	7086.5602424144745
170	8579.491	117.22159	8726.734	8428.245	0.05572345	0.008618014	0.07217676	0.040470567	7123.017581939697
171	8646.1875	223.04048	8893.894	8348.823	0.058496345	0.014991506	0.081261575	0.029098693	7166.007159471512
172	8622.918	203.91814	8869.694	8331.367	0.06106691	0.008720959	0.07860706	0.03842369	7209.1664044857025
173	8663.463	140.63583	8820.314	8467.328	0.05485485	0.0071609574	0.06906283	0.037764985	7249.445560216904
174	8601.633	103.28552	8735.222	8445.468	0.06189901	0.006661503	0.0798257	0.045646124	7286.2971131801605
175	8434.86	51.107113	8512.55	8386.711	0.062590264	0.009957362	0.07896298	0.03651633	7323.072088003159
176	8617.694	212.0107	8818.959	8317.77	0.065270826	0.011243502	0.086086735	0.038906813	7359.741122245789
177	8543.784	103.33656	8665.271	8391.251	0.061150692	0.010686836	0.080546714	0.036183972	7401.880748510361
178	8590.822	86.0973	8676.731	8448.085	0.059751846	0.008723017	0.07213512	0.038709663	7445.505836486816
179	8470.508	70.0476	8529.796	8357.06	0.06535577	0.008236732	0.079608746	0.046763264	7487.7358293533325
180	8555.537	133.76144	8753.182	8396.6	0.06475834	0.0070480173	0.078795694	0.054018516	7531.412133693695
181	8454.224	75.868866	8507.401	8324.437	0.056957725	0.010524426	0.078700446	0.038009904	7574.858443021774
182	8614.736	106.728905	8724.601	8443.056	0.051685195	0.008273297	0.067230225	0.03850504	7618.9872715473175
183	8748.641	72.9802	8854.131	8650.894	0.047582805	0.008332818	0.06624557	0.035385434	7664.019910812378
184	8686.667	202.13026	9018.513	8519.987	0.038938604	0.0072343866	0.0580827	0.025997503	7709.146604299545
185	8736.299	76.28892	8846.939	8642.342	0.038918145	0.005001317	0.050856598	0.032168806	7753.793879270554
186	8706.828	236.26225	9057.497	8391.073	0.051910937	0.008061065	0.07098997	0.039980605	7796.3704743385315
187	8586.1045	103.58315	8703.273	8420.493	0.05476548	0.00702922	0.063472465	0.035404243	7838.263451099396
188	8663.383	75.502075	8791.176	8594.613	0.05312911	0.01095627	0.0724793	0.03452731	7880.875792980194
189	8640.241	101.56511	8814.738	8562.366	0.055577997	0.010603581	0.07179882	0.036488127	7920.723192930222
190	8529.355	172.61542	8719.008	8270.338	0.061441552	0.009036857	0.079790086	0.042950336	7964.6570518016815
191	8532.447	102.658134	8659.273	8372.693	0.05406362	0.00840017	0.06748356	0.035984356	8005.896566152573
192	8662.296	146.32158	8913.882	8549.991	0.059237953	0.013130807	0.07536665	0.030867353	8048.768583536148
193	8748.945	203.39014	9000.102	8442.594	0.04795738	0.00798479	0.06401645	0.033394117	8093.899244308472
194	8494.207	172.63799	8698.98	8220.56	0.06674424	0.0082201455	0.09104525	0.048398294	8137.6937520504
195	8597.508	65.9213	8674.993	8525.341	0.06637085	0.007340915	0.07966926	0.04936294	8178.868488550186
196	8472.25	60.619587	8533.779	8374.524	0.06340185	0.008085241	0.08059024	0.04746712	8219.341653347015
197	8530.316	178.85158	8816.877	8357.867	0.06300667	0.0062038084	0.07758415	0.048856318	8262.457383871078
198	8392.563	131.82098	8533.156	8180.0366	0.05213006	0.012483135	0.073645614	0.030398529	8305.459707975388
199	8492.531	199.57652	8670.482	8156.2495	0.04373373	0.010200038	0.05916055	0.02891802	8348.669919967651
200	8679.602	81.17828	8777.606	8561.788	0.05039256	0.013776926	0.07283759	0.030303266	8387.338637113571
201	8779.869	137.31813	8984.825	8615.816	0.0581913	0.010461166	0.083771974	0.03792611	8427.85300564766
202	8807.739	180.27412	9050.226	8604.512	0.062159322	0.0078069214	0.08126572	0.044130366	8470.510796546936
203	8841.521	76.52285	8930.503	8735.793	0.05439641	0.014436121	0.07449774	0.030602068	8511.503576278687
204	8847.479	212.08368	9130.655	8554.807	0.04660395	0.010524924	0.07278647	0.030013941	8551.729724884033
205	8822.69	20.58136	8849.836	8801.557	0.0597091	0.0108122835	0.079228215	0.04403696	8589.966267824173
206	8668.672	194.65593	8908.557	8391.922	0.059635032	0.009133132	0.07584484	0.036837928	8631.139581680298
207	8677.594	122.88412	8756.595	8465.163	0.060864367	0.009526268	0.08346579	0.043978497	8669.988426923752
208	8907.126	108.1577	8984.01	8720.4375	0.06416448	0.009451022	0.085790455	0.04581441	8714.391295909882
209	8805.726	155.76035	9041.342	8614.477	0.062162045	0.0073159854	0.07761218	0.049694955	8758.99453830719
210	8871.566	117.90172	9069.509	8759.404	0.05891184	0.009220361	0.08130353	0.041963127	8802.661016464233
211	8750.279	100.690834	8877.546	8599.86	0.065889955	0.006119761	0.08381577	0.05015136	8847.19173359871
212	8657.646	218.36546	8867.519	8323.55	0.060036875	0.009170443	0.0776138	0.047296446	8891.568747758865
213	8900.597	55.951004	8976.947	8820.231	0.056137633	0.009723862	0.076379254	0.040266603	8935.923288822174
214	8650.2	215.50444	8911.098	8416.79	0.0595942	0.0036063413	0.06906333	0.052536372	8981.399521112442
215	8711.754	160.11804	8899.879	8478.231	0.06257592	0.0056336545	0.07471209	0.05120639	9025.94775891304
216	8847.948	127.152466	9051.565	8704.471	0.059281945	0.013947313	0.083331466	0.03549622	9069.916751623154
217	8822.461	153.46846	9022.855	8601.372	0.06621962	0.007814773	0.07948994	0.041982602	9112.418708324432
218	8747.416	108.43734	8895.712	8611.802	0.06705948	0.0064072064	0.078427725	0.051806536	9153.804520130157
219	8674.5205	152.37292	8902.288	8489.348	0.06273845	0.007943745	0.07765787	0.043171734	9195.498665809631
220	8529.448	327.06616	9010.19	8094.987	0.056630824	0.008413542	0.07349502	0.039721355	9237.665056943893
221	8996.611	86.24392	9100.749	8886.89	0.049006585	0.009160428	0.069123074	0.035429306	9279.4798681736
222	8881.684	69.00646	9001.002	8836.758	0.046277925	0.0050627864	0.059210274	0.038017638	9320.493036985397
223	8704.58	290.35275	9018.824	8245.138	0.04580198	0.0036709502	0.05500884	0.038562525	9362.557209730148
224	8959.236	37.417385	9019.495	8918.2705	0.0470241	0.005461154	0.057002343	0.036026075	9406.392417430878
225	8703.27	166.8644	8886.536	8498.157	0.04678971	0.006691325	0.06246952	0.03631402	9448.449294805527
226	8649.656	140.61674	8867.128	8473.979	0.054034412	0.00912423	0.07698605	0.037600644	9491.648594141006
227	8788.565	97.95132	8896.168	8640.405	0.042861618	0.006597854	0.059618197	0.031268448	9535.060021162033
228	8574.203	258.98898	8804.686	8137.091	0.044394724	0.008080023	0.07073052	0.033675786	9578.313466787338
229	8821.479	60.96053	8905.235	8751.749	0.046600487	0.0067324536	0.06441639	0.03943209	9621.430730104446
230	8740.453	321.61032	9064.49	8239.472	0.053096	0.008363785	0.07041668	0.039839875	9664.925175666809
231	8770.749	115.1459	8931.219	8647.907	0.05709825	0.007031934	0.07039506	0.041336685	9708.867960453033
232	8550.808	210.00908	8744.914	8200.677	0.047542386	0.0064209723	0.07058585	0.039454125	9747.591689825058
233	8657.453	112.81397	8804.705	8539.346	0.05054722	0.009156006	0.07051263	0.037215464	9791.370303869247
234	8864.482	102.78426	9030.568	8754.118	0.051062513	0.0054253	0.06691821	0.04076374	9833.272754907608
235	8525.531	268.11063	8902.406	8147.034	0.057094716	0.010190515	0.08204047	0.03889546	9876.54871582985
236	8277.423	206.41118	8469.842	7963.3374	0.06538002	0.017164508	0.10434314	0.038888097	9915.707943677902
237	7906.6543	385.6214	8523.565	7460.6616	0.06584726	0.015039874	0.10256019	0.04489835	9955.977189779282
238	8464.582	115.574585	8589.643	8295.113	0.075109616	0.015492254	0.10318565	0.045086075	9999.350557565689
239	8478.648	124.65416	8649.259	8357.154	0.062150437	0.011141915	0.090997644	0.043305274	10042.878274917603
240	8770.419	108.04363	8918.061	8654.617	0.055031605	0.008056752	0.0731344	0.043859042	10086.366556406021
241	8698.993	158.04474	8957.758	8558.64	0.062012166	0.005796189	0.084287785	0.053199	10129.81045627594
242	8399.659	385.19455	8867.909	7817.52	0.06413378	0.011011968	0.10030062	0.046386972	10172.464886426926
243	8598.299	93.90478	8690.971	8445.875	0.061983038	0.008952977	0.09485541	0.049717404	10210.034556627274
244	8697.131	30.93664	8740.757	8666.696	0.060080573	0.0070644375	0.08244457	0.05048347	10246.833914756775
245	8715.088	108.84125	8871.435	8573.9375	0.0578617	0.0036771863	0.06304113	0.046393167	10289.984063148499
246	8544.01	227.44911	8907.254	8314.862	0.05340666	0.008142323	0.072145164	0.040483095	10333.220104455948
247	8527.366	81.69846	8616.366	8394.005	0.058250237	0.004752447	0.068966225	0.050091825	10376.522103071213
248	8614.278	96.08846	8752.415	8507.76	0.06697729	0.004565083	0.07496167	0.053784188	10419.951827526093
249	8647.002	132.10034	8817.935	8447.867	0.05999116	0.005363987	0.07017706	0.050281573	10463.712089300156
250	8638.306	138.08482	8829.593	8441.71	0.0595779	0.005601931	0.07414959	0.04855461	10507.520494222641
251	8685.649	102.06888	8815.895	8530.15	0.054909743	0.0051160734	0.06425569	0.043905675	10550.582833051682
252	8556.754	178.86908	8722.608	8258.658	0.050851975	0.0059459363	0.064505026	0.040177334	10593.838919401169
253	8718.07	106.114	8869.734	8611.559	0.056448422	0.007588276	0.070709676	0.0428549	10637.349963188171
254	8594.037	77.54809	8695.561	8480.825	0.05847541	0.009587463	0.07736503	0.03809647	10680.266025304794
255	8620.89	84.83377	8679.307	8474.711	0.059604477	0.0045767897	0.06750926	0.050835803	10723.580768585205
256	8787.947	80.1025	8906.619	8688.514	0.05760247	0.005656044	0.06585913	0.044747412	10762.110605478287
257	8519.162	220.17868	8824.064	8212.413	0.059544105	0.003517271	0.06741231	0.051784508	10800.688650369644
258	8521.408	112.59939	8676.771	8387.263	0.06414258	0.0046871537	0.07207027	0.05126092	10841.457823753357
259	8253.01	163.19443	8500.27	8065.3965	0.06019729	0.006058345	0.07178701	0.045190614	10884.476414203644
260	8427.44	100.10361	8590.005	8316.427	0.057324003	0.0031680854	0.06425258	0.051910173	10928.068029642105
261	8437.939	64.27961	8531.719	8352.476	0.05455752	0.0037887995	0.06297224	0.044573408	10971.46177983284
262	8527.211	70.6946	8635.263	8446.345	0.050554976	0.006599163	0.06861011	0.039143555	11010.928414821625
263	8535.041	72.743866	8591.894	8410.706	0.042373758	0.0052337213	0.053560596	0.03329282	11047.36695933342
264	8641.212	50.446903	8719.489	8578.993	0.040726755	0.0058762766	0.057093203	0.031720728	11083.824358940125
265	8343.631	324.6173	8676.108	7825.965	0.044024438	0.0036183628	0.05231873	0.03510858	11122.96081662178
266	8490.8125	85.32733	8570.925	8356.354	0.040758185	0.0045051514	0.049654923	0.029848853	11159.30124950409
267	8558.059	166.55725	8832.949	8413.398	0.037928753	0.005131322	0.048700783	0.028267112	11199.433282375336
268	8527.02	133.37088	8680.055	8376.537	0.03876326	0.003720196	0.047350682	0.028982142	11239.40928697586
269	8685.548	43.648132	8754.38	8635.367	0.039925545	0.0035145094	0.04685293	0.031979136	11283.156283378601
270	8330.303	625.1688	8910.149	7274.8457	0.039169565	0.004033884	0.04813033	0.032194056	11326.469121456146
271	8777.697	153.18285	9042.852	8681.366	0.03775266	0.0047138804	0.049574893	0.03207238	11369.261462450027
272	8683.873	90.10996	8780.935	8583.94	0.039231826	0.005608302	0.05058059	0.03163315	11412.41679239273
273	8767.044	47.598114	8801.619	8685.976	0.045237154	0.005236377	0.05300584	0.034704022	11455.812390565872
274	8752.232	171.14317	8885.237	8458.78	0.050114226	0.0062386175	0.05973363	0.03567231	11499.018216848373
275	8659.144	112.68909	8818.967	8543.938	0.04856275	0.005400338	0.060428772	0.03835157	11542.44389629364
276	8485.373	148.9084	8692.641	8301.758	0.052063502	0.0047160243	0.06068853	0.041640427	11583.086907625198
277	8504.403	66.82254	8577.615	8418.887	0.04807972	0.0063401656	0.061008144	0.037887156	11627.953252077103
278	8536.38	50.121803	8620.58	8489.926	0.046389412	0.0053461385	0.05737781	0.034539048	11665.084827423096
279	8597.255	147.7784	8768.897	8371.407	0.04669739	0.0043075588	0.05367309	0.03858672	11705.027178049088
280	8851.053	109.52739	8999.815	8692.283	0.045981757	0.0034468353	0.052259464	0.037723012	11748.846401691437
281	8723.015	119.503716	8908.095	8605.611	0.04803546	0.0046511875	0.054479063	0.03406918	11790.073253154755
282	8882.087	87.97806	8984.786	8742.352	0.047080353	0.0042559234	0.05621217	0.03672036	11826.725311517715
283	8832.146	103.78097	8952.496	8694.189	0.051883087	0.003946241	0.058292445	0.037956785	11869.712551116943
284	8881.822	162.29901	9160.928	8760.311	0.046792276	0.0066215033	0.061652865	0.035496328	11912.895127773285
285	8864.164	245.97014	9123.442	8478.301	0.0372798	0.0072557605	0.05437573	0.026080996	11951.821995019913
286	8842.527	193.2179	9168.599	8679.696	0.04142901	0.0073725986	0.055077672	0.030349163	11989.568394422531
287	7032.639	3203.1033	9120.176	1493.8197	0.04593558	0.008118009	0.054601595	0.025747601	12028.539351940155
288	8395.509	384.00644	8944.844	7859.279	0.046077825	0.0063848183	0.059768144	0.03762368	12069.280978441238
289	9018.132	160.76913	9214.628	8769.23	0.042913437	0.005646365	0.055595275	0.03213322	12108.481712579727
290	9034.516	144.16814	9236.17	8874.328	0.050581887	0.006602395	0.0628286	0.035581402	12149.330642461777
291	8930.594	113.83192	9059.611	8777.139	0.05249749	0.00412823	0.06042867	0.041122414	12186.850014209747
292	8851.859	159.46204	8967.305	8576.815	0.048783213	0.003570803	0.05527353	0.04001274	12231.361503124237
293	8791.86	164.86919	8948.76	8516.222	0.045369234	0.0051861918	0.0528851	0.029729214	12272.807275533676
294	8966.64	230.26862	9160.591	8574.97	0.04981397	0.0053888788	0.0612267	0.039029505	12309.631255626678
295	8576.517	228.6503	8871.455	8323.602	0.048675418	0.0052729044	0.05710534	0.036721192	12346.508173942566
296	8552.6455	136.04576	8774.103	8403.298	0.057000816	0.008407946	0.07195562	0.03733104	12383.241203546524
297	8513.46	64.49267	8599.589	8446.15	0.057530012	0.0048198896	0.069909364	0.04584678	12422.17016863823
298	8551.226	248.08878	8943.817	8287.964	0.047974598	0.0040953024	0.056119114	0.040159617	12462.802968740463
299	8645.942	142.02759	8889.918	8535.694	0.049234893	0.0047952733	0.059687003	0.037815873	12499.314169883728
300	8580.153	252.18576	8955.454	8294.967	0.050289016	0.0052059614	0.062072948	0.042049125	12536.358031988144
